acacia_log 150.90625 88.83984375 55.1640625
acacia_planks 168.1328125 90.37109375 50.2265625
ancient_debris 94.8125 66.48046875 58.4375
andesite 136.15234375 136.26171875 136.77734375
barrel 134.515625 100.5390625 58.49609375
basalt 80.578125 81.4921875 86.24609375
bedrock 85.1171875 85.1171875 85.1171875
bee_nest 202.12890625 160.17578125 74.72265625
birch_log 193.24609375 179.42578125 135.16015625
birch_planks 192.46875 175.29296875 121.2421875
blackstone 42.4453125 36.4609375 41.984375
black_concrete 8.40234375 10.40234375 15.40234375
black_glazed_terracotta 67.734375 30.03515625 32.2109375
black_shulker_box 25.0625 25.421875 29.53515625
black_stained_glass 25.0 25.0 25.0
black_terracotta 37.21875 22.828125 16.38671875
black_wool 20.6015625 21.296875 25.6328125
blast_furnace 80.9140625 80.25390625 81.01953125
blue_concrete 44.5390625 46.5390625 143.421875
blue_glazed_terracotta 47.453125 64.64453125 139.37109375
blue_ice 116.08984375 167.6484375 253.015625
blue_shulker_box 43.69140625 45.60546875 140.19921875
blue_stained_glass 51.0 76.0 178.0
blue_terracotta 74.29296875 59.68359375 91.109375
blue_wool 53.0546875 57.25390625 157.4921875
bone_block 209.8203125 206.21484375 179.40234375
brain_coral_block 207.45703125 91.13671875 159.37890625
bricks 150.953125 97.56640625 83.0625
brown_concrete 96.44921875 59.546875 31.59765625
brown_glazed_terracotta 119.96875 106.24609375 85.9453125
brown_mushroom_block 149.3359375 111.7890625 81.45703125
brown_shulker_box 106.32421875 66.0703125 35.96875
brown_stained_glass 102.0 76.0 51.0
brown_terracotta 77.234375 51.1796875 35.703125
brown_wool 114.234375 71.609375 40.5859375
bubble_coral_block 165.34375 26.328125 162.20703125
cartography_table 104.26171875 87.36328125 67.13671875
chiseled_nether_bricks 47.4375 23.703125 28.19921875
chiseled_quartz_block 231.55859375 226.57421875 217.18359375
chiseled_red_sandstone 183.21484375 96.94140625 27.50390625
chiseled_sandstone 216.22265625 202.984375 155.41796875
chiseled_stone_bricks 119.78125 118.90625 119.78125
clay 160.6796875 166.4609375 179.4453125
coal_block 16.0234375 15.91796875 15.91796875
coal_ore 116.234375 116.234375 116.234375
cobblestone 127.7890625 127.3046875 127.59765625
cracked_nether_bricks 40.37109375 20.03515625 23.95703125
cracked_polished_blackstone_bricks 43.671875 37.59375 43.6796875
cracked_stone_bricks 118.32421875 117.66015625 118.32421875
crafting_table 119.78125 73.2421875 42.4453125
crimson_nylium 130.9375 31.4296875 31.45703125
crimson_planks 101.03515625 48.78125 70.56640625
crying_obsidian 32.5859375 10.08203125 60.4453125
cyan_glazed_terracotta 52.25 118.71875 125.33203125
cyan_shulker_box 20.2109375 121.34375 135.08203125
cyan_stained_glass 76.0 127.0 153.0
cyan_terracotta 86.71484375 91.01171875 91.00390625
cyan_wool 21.24609375 137.7265625 145.3515625
dark_oak_log 64.59765625 42.8125 21.15625
dark_oak_planks 66.66015625 43.09765625 20.21875
dark_prismarine 51.86328125 91.63671875 75.94921875
dead_brain_coral_block 124.33203125 117.51953125 114.17578125
dead_bubble_coral_block 131.84765625 123.54296875 119.4140625
dead_fire_coral_block 131.63671875 123.73046875 119.734375
dead_horn_coral_block 133.609375 126.22265625 122.2890625
dead_tube_coral_block 130.4921875 123.1953125 119.67578125
diamond_block 98.1640625 237.13671875 228.12109375
diamond_ore 125.22265625 142.609375 141.125
diorite 188.71875 188.453125 188.98046875
dirt 134.25 96.296875 67.0
emerald_block 42.37890625 203.44921875 87.80078125
emerald_ore 117.3984375 136.98046875 124.1484375
end_stone 219.50390625 222.9375 158.33984375
end_stone_bricks 218.44921875 224.03515625 162.2109375
fire_coral_block 163.70703125 35.1640625 46.87109375
fletching_table 197.12890625 180.44921875 133.40625
furnace 110.37109375 109.73046875 109.73046875
gilded_blackstone 56.5078125 43.83203125 38.61328125
glowstone 171.765625 131.18359375 84.30078125
gold_block 246.41796875 208.3203125 61.625
gold_ore 143.93359375 140.3046875 125.43359375
granite 149.4296875 103.2421875 85.97265625
grass_path 148.29296875 121.6953125 65.328125
gray_concrete 54.6171875 57.6171875 61.6171875
gray_glazed_terracotta 83.09765625 90.30859375 93.6484375
gray_shulker_box 55.31640625 58.8125 62.46875
gray_stained_glass 76.0 76.0 76.0
gray_terracotta 57.78515625 42.4140625 35.5625
gray_wool 62.74609375 68.234375 71.5546875
green_concrete 73.40625 91.33984375 36.4921875
green_glazed_terracotta 117.015625 142.30859375 67.421875
green_shulker_box 79.13671875 100.86328125 31.6796875
green_stained_glass 102.0 127.0 51.0
green_terracotta 76.0078125 83.2890625 42.3359375
green_wool 84.83203125 109.53515625 27.50390625
hay_block 165.95703125 139.12109375 12.4375
honeycomb_block 229.34765625 148.41015625 29.5390625
honey_block 251.05859375 185.28515625 52.52734375
iron_ore 136.15234375 130.91796875 127.30859375
jukebox 93.78125 64.4140625 47.3125
jungle_log 149.5625 109.3125 70.64453125
jungle_planks 160.44140625 115.19140625 80.79296875
lapis_block 30.6484375 67.37109375 140.109375
lapis_ore 99.4765625 110.8984375 132.85546875
light_blue_concrete 35.59765625 137.0390625 198.9140625
light_blue_glazed_terracotta 94.54296875 164.6171875 208.921875
light_blue_shulker_box 49.296875 163.86328125 212.12890625
light_blue_stained_glass 102.0 153.0 216.0
light_blue_terracotta 113.484375 108.53125 137.9921875
light_blue_wool 58.0703125 175.046875 217.31640625
light_gray_concrete 125.03125 125.03125 115.03125
light_gray_glazed_terracotta 144.2578125 166.0625 167.953125
light_gray_shulker_box 124.41796875 124.41796875 115.4140625
light_gray_stained_glass 153.0 153.0 153.0
light_gray_terracotta 135.25390625 106.8828125 97.5
light_gray_wool 142.03125 142.1640625 134.6015625
lime_concrete 94.08984375 168.8046875 24.5
lime_glazed_terracotta 162.94921875 197.66796875 55.2109375
lime_shulker_box 99.76953125 172.6328125 23.0078125
lime_stained_glass 127.0 204.0 25.0
lime_terracotta 103.53515625 117.67578125 52.796875
lime_wool 112.2109375 185.1953125 25.796875
loom 142.1796875 119.3203125 91.8046875
magenta_concrete 169.20703125 48.4765625 159.2109375
magenta_glazed_terracotta 208.26953125 100.41796875 191.91015625
magenta_shulker_box 173.85546875 54.078125 163.5703125
magenta_stained_glass 178.0 76.0 216.0
magenta_terracotta 149.66796875 88.1015625 108.6796875
magenta_wool 189.54296875 68.765625 179.91796875
melon 111.05078125 144.6796875 30.5078125
mossy_cobblestone 110.109375 118.5 94.9375
mossy_stone_bricks 115.43359375 121.125 105.140625
mushroom_stem 203.19921875 196.640625 185.6015625
mycelium 111.1796875 98.578125 101.328125
netherite_block 66.51953125 61.49609375 63.87890625
netherrack 97.58203125 38.4140625 38.4140625
nether_bricks 44.29296875 21.87109375 26.09765625
nether_gold_ore 115.375 54.9609375 42.05078125
nether_quartz_ore 117.828125 65.6640625 62.390625
nether_wart_block 114.80859375 2.921875 2.15625
note_block 88.7578125 58.94921875 40.7890625
oak_log 151.43359375 121.6484375 73.015625
oak_planks 162.203125 130.8203125 78.62890625
observer 98.43359375 98.43359375 98.43359375
obsidian 15.13671875 10.6171875 24.55078125
orange_concrete 224.34375 97.13671875 0.6328125
orange_glazed_terracotta 154.77734375 147.48828125 91.96484375
orange_shulker_box 234.09765625 106.41796875 8.74609375
orange_stained_glass 216.0 127.0 51.0
orange_terracotta 161.59765625 83.87109375 37.671875
orange_wool 240.65234375 118.078125 19.51171875
pink_concrete 213.5 101.01171875 142.8671875
pink_glazed_terracotta 235.15625 154.984375 181.5625
pink_shulker_box 230.44921875 121.84375 157.6875
pink_stained_glass 242.0 127.0 165.0
pink_terracotta 161.92578125 78.27734375 78.66796875
pink_wool 237.9140625 141.37890625 172.3515625
podzol 91.7578125 63.23828125 24.0625
polished_andesite 132.2578125 134.75390625 133.99609375
polished_basalt 99.39453125 98.56640625 100.6875
polished_blackstone 53.2265625 48.6328125 56.74609375
polished_blackstone_bricks 46.87890625 41.16796875 48.2734375
polished_diorite 192.98046875 193.078125 194.55078125
polished_granite 154.1015625 106.84765625 89.2265625
prismarine_bricks 99.25 171.625 158.4296875
pumpkin 198.00390625 118.6796875 24.453125
purple_concrete 100.4140625 31.62109375 156.3828125
purple_glazed_terracotta 109.87109375 48.0859375 152.4921875
purple_shulker_box 103.1640625 32.46484375 156.390625
purple_stained_glass 127.0 63.0 178.0
purple_terracotta 118.4453125 70.26953125 86.08984375
purple_wool 121.875 42.2109375 172.5078125
purpur_block 169.91796875 125.91796875 169.6796875
purpur_pillar 171.80078125 128.36328125 171.4921875
quartz_block 235.78125 229.90234375 222.95703125
quartz_bricks 234.7109375 229.17578125 221.76171875
quartz_pillar 235.11328125 229.8125 222.953125
redstone_block 175.56640625 24.78125 5.125
redstone_ore 133.26953125 107.84765625 107.84765625
red_concrete 142.3828125 32.8125 32.8125
red_glazed_terracotta 181.99609375 59.58203125 53.015625
red_mushroom_block 200.19140625 46.92578125 45.01953125
red_nether_bricks 69.546875 7.0390625 9.0078125
red_sandstone 181.30859375 97.80859375 31.4609375
red_shulker_box 140.41015625 31.0703125 30.04296875
red_stained_glass 153.0 51.0 51.0
red_terracotta 143.109375 61.01953125 46.90625
red_wool 160.96875 39.3203125 34.640625
sandstone 223.83984375 214.19921875 170.3359375
shroomlight 240.85546875 146.5390625 70.8828125
shulker_box 139.30078125 96.921875 139.30078125
slime_block 111.5703125 192.0 91.63671875
smithing_table 57.40234375 58.88671875 70.984375
smoker 84.6953125 82.8515625 80.8984375
smooth_stone 158.6796875 158.6796875 158.6796875
soul_sand 81.38671875 62.16015625 50.703125
soul_soil 75.77734375 57.53515625 46.640625
sponge 195.8515625 192.14453125 74.609375
spruce_log 108.80859375 80.37890625 46.828125
spruce_planks 114.91015625 84.8359375 48.56640625
stone 125.546875 125.546875 125.546875
stone_bricks 122.45703125 121.81640625 122.45703125
stripped_acacia_log 166.12890625 91.00390625 51.62890625
stripped_birch_log 191.16015625 171.78125 116.390625
stripped_crimson_stem 121.73828125 56.3125 82.5859375
stripped_dark_oak_log 65.890625 44.22265625 22.76171875
stripped_jungle_log 165.86328125 122.984375 81.85546875
stripped_oak_log 160.0859375 129.6875 77.15234375
stripped_spruce_log 105.875 80.2578125 46.56640625
stripped_warped_stem 52.1015625 128.9375 124.46484375
terracotta 152.1328125 94.015625 67.71875
tube_coral_block 49.125 87.125 206.640625
warped_nylium 43.203125 114.34765625 101.2734375
warped_planks 43.05078125 104.87109375 99.140625
warped_wart_block 22.80078125 119.9453125 121.10546875
white_concrete 207.109375 213.078125 214.07421875
white_glazed_terracotta 188.5 212.49609375 202.89453125
white_shulker_box 215.5234375 220.5390625 221.03125
white_stained_glass 255.0 255.0 255.0
white_terracotta 209.63671875 178.03515625 161.34765625
white_wool 233.58984375 236.296875 236.7734375
yellow_concrete 240.98828125 175.41015625 21.44921875
yellow_glazed_terracotta 234.34765625 192.3203125 88.7109375
yellow_shulker_box 248.03515625 188.99609375 29.421875
yellow_stained_glass 229.0 229.0 51.0
yellow_terracotta 186.26953125 133.140625 35.36328125
yellow_wool 248.78125 197.9609375 39.6328125
